30 228 4

0 142 104 122 146 119 158 152 166 231 206 163 207 206 184 134 215 155 106 212 171 130 208 142 148 221 203 148 218 205 
142 0 228 140 195 224 101 112 216 112 118 134 130 200 186 221 241 203 184 250 131 204 250 137 136 211 236 105 190 183 
104 228 0 244 204 228 121 249 160 113 219 107 184 192 217 140 240 156 134 215 158 116 235 249 113 216 240 112 176 207 
122 140 244 0 137 195 205 115 102 223 228 199 201 219 151 128 143 178 189 230 126 238 132 111 214 170 158 101 222 145 
146 195 204 137 0 166 128 197 163 158 192 193 224 235 180 238 202 243 147 146 130 180 189 216 107 248 116 237 158 162 
119 224 228 195 166 0 168 176 209 210 207 215 222 201 164 232 190 131 236 145 139 171 168 245 133 112 106 239 149 227 
158 101 121 205 128 168 0 220 127 206 137 112 144 120 185 202 221 148 190 156 232 101 124 128 154 196 242 210 140 136 
152 112 249 115 197 176 220 0 193 226 207 150 104 105 230 169 127 125 231 185 150 244 240 229 168 180 170 147 168 203 
166 216 160 102 163 209 127 193 0 173 202 153 153 245 249 135 109 108 182 154 155 100 194 198 243 134 154 193 151 152 
231 112 113 223 158 210 206 226 173 0 202 133 109 120 250 118 187 143 172 160 143 212 183 205 201 208 142 180 166 209 
206 118 219 228 192 207 137 207 202 202 0 185 200 208 138 112 169 121 170 148 248 246 191 120 119 166 139 102 239 148 
163 134 107 199 193 215 112 150 153 133 185 0 206 175 116 102 102 198 189 149 178 142 152 243 139 141 201 247 111 138 
207 130 184 201 224 222 144 104 153 109 200 206 0 159 102 192 179 224 121 111 103 243 238 107 236 224 210 150 143 149 
206 200 192 219 235 201 120 105 245 120 208 175 159 0 244 203 165 117 124 225 220 157 204 182 107 218 162 173 230 185 
184 186 217 151 180 164 185 230 249 250 138 116 102 244 0 230 238 228 138 194 124 141 222 174 113 115 124 213 142 169 
134 221 140 128 238 232 202 169 135 118 112 102 192 203 230 0 176 185 239 164 237 245 131 114 147 161 147 226 138 134 
215 241 240 143 202 190 221 127 109 187 169 102 179 165 238 176 0 141 234 158 149 149 194 233 185 129 151 127 247 176 
155 203 156 178 243 131 148 125 108 143 121 198 224 117 228 185 141 0 102 176 202 164 197 241 236 137 198 183 188 247 
106 184 134 189 147 236 190 231 182 172 170 189 121 124 138 239 234 102 0 236 102 192 113 175 144 164 163 125 184 105 
212 250 215 230 146 145 156 185 154 160 148 149 111 225 194 164 158 176 236 0 175 190 194 174 100 166 140 183 109 136 
171 131 158 126 130 139 232 150 155 143 248 178 103 220 124 237 149 202 102 175 0 206 108 220 150 187 204 149 115 214 
130 204 116 238 180 171 101 244 100 212 246 142 243 157 141 245 149 164 192 190 206 0 165 165 131 226 193 184 213 121 
208 250 235 132 189 168 124 240 194 183 191 152 238 204 222 131 194 197 113 194 108 165 0 202 209 158 133 159 212 132 
142 137 249 111 216 245 128 229 198 205 120 243 107 182 174 114 233 241 175 174 220 165 202 0 162 212 215 250 157 170 
148 136 113 214 107 133 154 168 243 201 119 139 236 107 113 147 185 236 144 100 150 131 209 162 0 200 218 179 250 111 
221 211 216 170 248 112 196 180 134 208 166 141 224 218 115 161 129 137 164 166 187 226 158 212 200 0 150 100 120 187 
203 236 240 158 116 106 242 170 154 142 139 201 210 162 124 147 151 198 163 140 204 193 133 215 218 150 0 223 124 225 
148 105 112 101 237 239 210 147 193 180 102 247 150 173 213 226 127 183 125 183 149 184 159 250 179 100 223 0 124 122 
218 190 176 222 158 149 140 168 151 166 239 111 143 230 142 138 247 188 184 109 115 213 212 157 250 120 124 124 0 118 
205 183 207 145 162 227 136 203 152 209 148 138 149 185 169 134 176 247 105 136 214 121 132 170 111 187 225 122 118 0 

29 11 414 
29 17 621 
29 22 264 
29 21 363 
29 14 507 
29 23 340 
28 6 560 
28 12 429 
28 25 480 
28 7 672 
28 16 426 
27 25 400 
27 18 375 
27 13 692 
27 22 636 
27 14 639 
27 10 408 
27 20 447 
27 2 448 
27 9 720 
27 11 657 
26 28 248 
26 11 804 
26 20 612 
26 19 280 
26 5 212 
26 13 648 
26 17 594 
26 1 472 
26 9 426 
26 5 424 
26 10 417 
26 27 446 
25 9 624 
25 26 300 
25 12 434 
25 7 720 
25 17 411 
25 22 474 
25 18 328 
25 19 332 
25 17 548 
24 28 836 
24 2 226 
24 28 627 
24 4 321 
24 0 296 
24 0 592 
24 5 266 
24 17 672 
24 26 654 
24 15 441 
23 19 522 
23 28 314 
23 27 424 
23 14 348 
23 15 342 
23 22 404 
23 22 606 
23 4 648 
23 1 411 
23 6 256 
23 24 648 
22 12 844 
22 7 720 
22 15 262 
22 19 776 
22 25 632 
22 4 756 
22 24 836 
22 2 705 
22 11 304 
22 10 764 
22 9 366 
21 26 386 
21 11 426 
21 2 232 
21 14 564 
20 25 374 
20 9 286 
20 14 372 
20 6 696 
19 0 424 
19 16 316 
19 12 222 
19 8 462 
19 9 640 
19 27 366 
19 4 584 
18 16 936 
18 21 768 
18 12 484 
18 22 452 
18 26 326 
18 0 424 
18 11 756 
18 5 450 
18 2 268 
18 2 402 
17 29 828 
17 14 912 
17 6 444 
17 26 396 
17 2 468 
17 27 366 
17 3 712 
16 13 330 
16 20 298 
16 26 302 
16 25 258 
16 9 374 
15 7 507 
15 8 270 
15 21 705 
15 27 856 
14 21 564 
14 12 204 
14 25 345 
14 0 736 
14 22 666 
14 2 434 
14 23 522 
13 15 812 
13 16 660 
13 29 555 
13 25 654 
13 12 477 
13 28 460 
13 29 370 
13 7 420 
13 19 414 
12 25 651 
12 0 414 
12 21 972 
12 15 576 
12 20 309 
11 9 266 
11 16 408 
11 0 326 
11 5 645 
11 16 204 
10 1 236 
10 20 992 
10 3 812 
10 28 904 
10 6 411 
10 15 448 
10 7 621 
10 17 363 
10 23 240 
10 11 370 
10 1 472 
10 5 621 
9 7 639 
9 3 446 
9 24 402 
9 29 418 
9 1 336 
9 19 480 
9 21 636 
8 0 498 
8 0 664 
8 10 808 
8 13 450 
8 19 308 
8 20 465 
8 20 620 
8 6 381 
7 9 852 
7 18 900 
7 19 555 
7 14 824 
7 2 747 
7 23 422 
7 19 370 
7 26 680 
6 10 411 
6 3 410 
6 11 224 
6 16 856 
5 9 420 
5 26 424 
5 21 684 
5 11 860 
5 2 446 
5 20 278 
5 8 836 
5 18 675 
5 27 424 
5 2 669 
4 19 584 
4 12 672 
4 25 992 
4 5 332 
4 28 316 
4 11 579 
4 15 714 
4 18 294 
4 28 632 
3 19 460 
3 18 756 
3 26 474 
3 17 356 
3 25 680 
3 12 804 
3 8 204 
3 14 453 
2 16 627 
2 10 428 
2 0 208 
2 15 280 
2 24 226 
2 27 224 
2 6 363 
2 22 470 
2 3 426 
1 6 404 
1 26 708 
1 22 675 
1 13 800 
1 26 472 
1 9 336 
1 7 336 
1 6 202 
0 18 212 
0 22 624 
0 20 684 
0 4 438 
