30 421 5

0 117 190 181 195 104 201 245 212 130 113 230 129 232 186 112 191 242 135 144 250 126 221 197 238 242 120 180 149 128 
117 0 132 197 166 173 195 193 244 159 225 221 109 175 219 210 156 243 119 187 235 108 153 124 174 109 109 112 232 113 
190 132 0 228 139 171 204 209 179 207 122 200 121 188 225 233 211 192 171 226 185 202 151 160 117 223 151 245 224 137 
181 197 228 0 108 241 110 171 144 135 243 202 236 121 146 206 218 163 148 195 103 203 242 118 107 112 150 125 133 237 
195 166 139 108 0 143 135 220 125 225 100 246 134 110 223 139 106 185 128 164 243 203 233 236 142 160 106 141 217 195 
104 173 171 241 143 0 173 216 221 212 188 213 214 111 236 197 123 235 146 118 120 120 182 112 162 144 117 239 215 127 
201 195 204 110 135 173 0 100 192 121 109 231 109 100 128 198 234 209 111 184 128 154 191 195 128 128 189 202 158 208 
245 193 209 171 220 216 100 0 144 110 148 220 250 209 139 174 104 206 219 115 235 102 158 243 207 226 211 103 220 170 
212 244 179 144 125 221 192 144 0 197 125 184 222 195 227 106 153 142 115 192 240 204 128 217 122 191 116 195 171 134 
130 159 207 135 225 212 121 110 197 0 104 100 209 195 146 206 100 173 139 144 173 195 168 170 165 171 168 216 192 189 
113 225 122 243 100 188 109 148 125 104 0 240 164 142 174 203 193 122 210 149 222 240 206 110 198 215 135 230 216 234 
230 221 200 202 246 213 231 220 184 100 240 0 176 175 119 208 173 246 230 193 218 134 183 106 119 148 136 182 196 212 
129 109 121 236 134 214 109 250 222 209 164 176 0 107 222 171 244 243 108 115 115 237 197 106 199 178 229 218 170 185 
232 175 188 121 110 111 100 209 195 195 142 175 107 0 174 168 147 235 135 113 194 101 184 231 234 144 235 113 241 212 
186 219 225 146 223 236 128 139 227 146 174 119 222 174 0 168 238 154 186 233 102 151 138 102 177 110 120 213 159 156 
112 210 233 206 139 197 198 174 106 206 203 208 171 168 168 0 169 179 210 170 129 122 226 204 214 130 143 158 171 138 
191 156 211 218 106 123 234 104 153 100 193 173 244 147 238 169 0 136 148 119 153 203 126 175 201 114 209 112 127 198 
242 243 192 163 185 235 209 206 142 173 122 246 243 235 154 179 136 0 243 177 218 131 128 246 238 200 250 170 173 136 
135 119 171 148 128 146 111 219 115 139 210 230 108 135 186 210 148 243 0 238 192 248 132 238 238 208 205 243 138 141 
144 187 226 195 164 118 184 115 192 144 149 193 115 113 233 170 119 177 238 0 206 232 163 147 167 182 137 206 178 148 
250 235 185 103 243 120 128 235 240 173 222 218 115 194 102 129 153 218 192 206 0 176 138 163 159 114 217 202 138 163 
126 108 202 203 203 120 154 102 204 195 240 134 237 101 151 122 203 131 248 232 176 0 112 195 178 158 154 158 110 136 
221 153 151 242 233 182 191 158 128 168 206 183 197 184 138 226 126 128 132 163 138 112 0 114 207 105 174 175 211 142 
197 124 160 118 236 112 195 243 217 170 110 106 106 231 102 204 175 246 238 147 163 195 114 0 121 170 107 191 154 141 
238 174 117 107 142 162 128 207 122 165 198 119 199 234 177 214 201 238 238 167 159 178 207 121 0 114 102 206 163 142 
242 109 223 112 160 144 128 226 191 171 215 148 178 144 110 130 114 200 208 182 114 158 105 170 114 0 165 104 108 208 
120 109 151 150 106 117 189 211 116 168 135 136 229 235 120 143 209 250 205 137 217 154 174 107 102 165 0 184 163 132 
180 112 245 125 141 239 202 103 195 216 230 182 218 113 213 158 112 170 243 206 202 158 175 191 206 104 184 0 194 168 
149 232 224 133 217 215 158 220 171 192 216 196 170 241 159 171 127 173 138 178 138 110 211 154 163 108 163 194 0 192 
128 113 137 237 195 127 208 170 134 189 234 212 185 212 156 138 198 136 141 148 163 136 142 141 142 208 132 168 192 0 

29 24 426 
29 28 576 
29 13 424 
29 0 384 
29 28 384 
29 4 780 
29 22 426 
29 15 276 
29 12 740 
29 7 510 
29 19 592 
29 5 254 
29 25 832 
29 3 474 
29 9 567 
29 27 672 
28 9 768 
28 2 672 
28 10 864 
28 6 474 
28 27 776 
28 23 462 
28 22 422 
28 0 596 
28 20 414 
28 26 489 
28 15 684 
28 8 684 
28 21 440 
28 1 651 
28 14 477 
27 14 639 
27 1 224 
27 11 546 
27 1 336 
27 16 448 
27 10 920 
27 28 582 
27 26 368 
27 2 732 
27 23 764 
27 7 412 
27 22 525 
27 13 339 
27 9 636 
27 8 780 
27 7 206 
27 4 564 
27 23 382 
27 20 808 
26 28 489 
26 29 264 
26 28 652 
26 9 672 
26 25 660 
26 17 1000 
26 4 424 
26 16 627 
26 1 218 
26 29 396 
26 12 426 
26 15 429 
26 2 302 
26 13 432 
26 15 286 
26 2 453 
26 5 351 
26 11 408 
26 20 651 
25 4 640 
25 29 416 
25 28 432 
25 15 520 
25 7 828 
25 15 260 
25 10 645 
25 1 327 
25 24 228 
25 18 832 
25 0 452 
25 4 480 
25 13 432 
25 16 228 
25 5 432 
24 6 512 
24 20 636 
24 2 351 
24 27 618 
24 10 792 
24 13 456 
24 0 666 
24 26 204 
24 9 660 
24 4 568 
24 1 522 
24 22 828 
23 26 428 
23 29 564 
23 22 228 
23 1 372 
23 13 426 
23 5 336 
23 0 788 
23 22 456 
22 24 828 
22 23 456 
22 20 414 
22 29 426 
22 6 764 
22 16 252 
22 15 904 
22 13 552 
22 11 549 
22 2 604 
22 14 276 
22 8 512 
22 10 412 
21 11 268 
21 1 324 
21 10 478 
21 17 262 
21 2 606 
21 12 832 
21 14 604 
21 22 336 
21 7 408 
21 5 240 
21 3 812 
21 20 352 
21 6 616 
21 16 406 
20 12 345 
20 27 808 
20 19 618 
20 26 651 
20 14 408 
20 16 306 
20 5 240 
20 27 606 
20 21 352 
20 17 872 
20 0 896 
20 1 669 
20 5 480 
20 4 422 
19 7 230 
19 20 618 
19 27 412 
19 9 288 
19 18 892 
19 20 824 
19 14 699 
19 22 489 
19 20 412 
19 15 680 
19 24 668 
19 7 345 
18 27 693 
18 0 405 
18 5 438 
18 20 384 
18 19 669 
18 4 384 
18 6 333 
18 11 460 
18 29 282 
18 7 422 
18 25 624 
18 4 512 
18 16 592 
18 24 474 
17 19 531 
17 16 544 
17 16 408 
17 0 470 
17 9 692 
17 12 729 
17 4 555 
16 11 519 
16 20 306 
16 0 573 
16 10 386 
16 5 492 
16 7 208 
16 6 816 
16 26 836 
16 28 508 
16 4 318 
16 1 312 
16 9 300 
16 13 441 
16 27 448 
16 11 346 
16 18 444 
16 17 272 
16 23 525 
16 17 544 
15 7 348 
15 9 824 
15 19 680 
15 20 387 
15 24 642 
15 22 678 
15 0 448 
15 28 684 
15 14 504 
15 12 684 
15 8 318 
15 2 466 
15 25 520 
15 16 338 
15 7 522 
15 10 609 
15 23 612 
15 5 788 
15 22 904 
15 11 416 
14 7 556 
14 3 292 
14 23 306 
14 12 624 
14 28 318 
14 19 466 
13 7 400 
13 29 636 
13 5 222 
13 12 428 
13 11 350 
13 24 912 
13 1 700 
13 22 368 
13 15 672 
13 0 430 
12 6 436 
12 28 680 
12 9 836 
12 23 318 
12 5 642 
12 0 516 
12 11 528 
12 3 654 
12 14 624 
12 5 856 
12 8 888 
12 25 534 
12 19 230 
12 6 218 
12 7 836 
12 11 352 
12 7 627 
11 19 386 
11 10 816 
11 8 552 
11 20 436 
11 13 700 
11 15 624 
11 18 920 
11 20 872 
11 9 300 
11 4 484 
11 0 690 
11 26 408 
11 28 588 
11 27 728 
11 2 400 
11 7 840 
11 14 476 
11 17 492 
10 25 430 
10 16 579 
10 4 300 
10 7 296 
10 26 540 
10 20 888 
10 29 702 
10 9 416 
10 3 416 
10 14 696 
10 28 864 
10 4 200 
10 3 624 
9 26 672 
9 3 540 
9 20 346 
9 4 816 
9 5 424 
9 15 618 
9 26 336 
9 2 414 
9 21 585 
9 1 636 
9 26 504 
9 29 567 
9 11 300 
9 24 330 
8 10 375 
8 21 816 
8 6 384 
8 13 585 
8 28 684 
8 24 366 
8 24 244 
8 16 459 
8 1 900 
8 28 342 
8 19 768 
8 11 736 
8 25 573 
8 2 358 
8 15 424 
8 1 675 
8 17 284 
7 15 348 
7 20 912 
7 17 618 
7 25 828 
7 15 696 
7 16 312 
7 6 400 
7 3 684 
7 29 510 
7 22 632 
7 11 630 
7 2 418 
7 26 422 
7 19 345 
7 11 420 
7 23 964 
7 17 824 
7 4 420 
7 12 836 
6 27 404 
6 28 316 
6 21 616 
6 15 594 
6 9 242 
6 5 346 
6 0 603 
6 15 396 
6 11 663 
6 5 692 
6 4 270 
6 22 764 
6 24 512 
5 3 446 
5 4 572 
5 0 416 
5 13 444 
5 0 312 
5 26 468 
5 21 360 
5 17 940 
5 26 234 
5 2 342 
5 28 645 
5 4 286 
5 17 470 
5 0 208 
5 27 896 
4 10 200 
4 0 390 
4 27 423 
4 10 300 
4 8 500 
4 6 405 
4 14 669 
4 13 330 
4 29 585 
4 22 696 
4 16 424 
4 7 420 
4 10 400 
4 14 446 
4 9 612 
4 20 422 
4 15 556 
4 25 640 
4 21 812 
4 23 420 
3 14 438 
3 14 584 
3 18 296 
3 23 472 
3 16 428 
3 17 326 
3 26 450 
3 0 543 
3 12 872 
3 13 484 
3 25 224 
3 29 474 
3 11 404 
3 12 654 
3 12 436 
3 0 724 
3 1 591 
3 27 500 
3 8 576 
2 22 302 
2 8 537 
2 9 828 
2 13 376 
2 26 604 
2 27 976 
2 5 513 
2 5 342 
2 13 752 
1 24 696 
1 20 669 
1 17 717 
1 19 561 
1 13 700 
1 16 468 
1 11 442 
1 4 664 
1 3 394 
0 8 424 
0 6 402 
0 23 788 
0 14 744 
0 12 258 
