30 297 5

0 221 235 228 151 156 104 250 195 200 202 226 115 192 243 140 138 233 143 216 123 101 204 127 195 217 243 203 132 103 
221 0 188 184 127 207 139 206 102 242 146 230 247 208 111 142 232 190 230 109 199 108 103 171 136 179 197 140 179 132 
235 188 0 226 194 239 148 134 174 159 187 167 231 174 176 103 250 168 199 154 228 191 189 232 185 223 101 249 241 153 
228 184 226 0 190 153 112 130 179 160 151 203 204 238 187 130 204 101 150 175 153 174 156 114 249 197 230 246 231 112 
151 127 194 190 0 206 113 120 117 131 170 200 205 248 237 126 120 142 249 107 228 197 140 162 217 148 250 127 104 226 
156 207 239 153 206 0 124 226 193 250 130 156 127 198 177 109 117 208 183 194 201 203 146 135 205 241 208 230 136 194 
104 139 148 112 113 124 0 196 230 177 120 117 104 111 199 127 242 147 105 155 133 166 205 143 151 129 123 234 191 237 
250 206 134 130 120 226 196 0 244 170 175 175 243 149 192 207 126 224 201 174 247 136 149 201 182 131 243 115 139 198 
195 102 174 179 117 193 230 244 0 129 178 212 112 104 164 173 124 218 107 145 195 163 150 224 105 135 178 102 116 179 
200 242 159 160 131 250 177 170 129 0 244 225 106 153 194 216 107 241 136 247 208 125 145 208 149 149 143 122 203 173 
202 146 187 151 170 130 120 175 178 244 0 114 165 239 178 222 141 110 139 126 183 146 155 190 203 124 131 145 236 237 
226 230 167 203 200 156 117 175 212 225 114 0 162 242 151 152 102 104 138 107 109 171 160 144 203 207 187 134 134 118 
115 247 231 204 205 127 104 243 112 106 165 162 0 117 129 108 191 103 211 120 104 149 159 186 156 172 110 227 160 148 
192 208 174 238 248 198 111 149 104 153 239 242 117 0 248 108 124 239 136 131 190 244 182 216 170 155 233 167 191 213 
243 111 176 187 237 177 199 192 164 194 178 151 129 248 0 162 137 206 111 225 109 180 232 249 173 205 227 207 155 160 
140 142 103 130 126 109 127 207 173 216 222 152 108 108 162 0 176 218 146 236 230 114 158 136 241 220 173 117 121 226 
138 232 250 204 120 117 242 126 124 107 141 102 191 124 137 176 0 243 246 114 203 194 119 200 158 228 123 130 148 185 
233 190 168 101 142 208 147 224 218 241 110 104 103 239 206 218 243 0 152 175 169 216 187 101 151 135 193 156 220 212 
143 230 199 150 249 183 105 201 107 136 139 138 211 136 111 146 246 152 0 149 128 223 186 196 154 229 148 142 146 151 
216 109 154 175 107 194 155 174 145 247 126 107 120 131 225 236 114 175 149 0 233 164 207 197 248 102 154 179 118 214 
123 199 228 153 228 201 133 247 195 208 183 109 104 190 109 230 203 169 128 233 0 183 133 157 162 142 174 219 162 215 
101 108 191 174 197 203 166 136 163 125 146 171 149 244 180 114 194 216 223 164 183 0 112 167 129 232 154 176 111 151 
204 103 189 156 140 146 205 149 150 145 155 160 159 182 232 158 119 187 186 207 133 112 0 135 223 241 136 120 157 152 
127 171 232 114 162 135 143 201 224 208 190 144 186 216 249 136 200 101 196 197 157 167 135 0 129 139 112 228 201 213 
195 136 185 249 217 205 151 182 105 149 203 203 156 170 173 241 158 151 154 248 162 129 223 129 0 166 118 111 111 136 
217 179 223 197 148 241 129 131 135 149 124 207 172 155 205 220 228 135 229 102 142 232 241 139 166 0 200 196 242 185 
243 197 101 230 250 208 123 243 178 143 131 187 110 233 227 173 123 193 148 154 174 154 136 112 118 200 0 150 136 105 
203 140 249 246 127 230 234 115 102 122 145 134 227 167 207 117 130 156 142 179 219 176 120 228 111 196 150 0 192 208 
132 179 241 231 104 136 191 139 116 203 236 134 160 191 155 121 148 220 146 118 162 111 157 201 111 242 136 192 0 204 
103 132 153 112 226 194 237 198 179 173 237 118 148 213 160 226 185 212 151 214 215 151 152 213 136 185 105 208 204 0 

29 20 430 
29 22 608 
29 28 408 
29 27 832 
29 11 236 
29 10 464 
29 12 592 
29 18 453 
29 17 424 
28 24 896 
28 8 812 
28 24 408 
28 27 768 
28 8 402 
28 24 609 
28 21 333 
28 8 536 
28 24 440 
28 8 462 
28 24 320 
28 8 620 
24 28 488 
4 27 468 
4 7 624 
4 21 384 
27 4 254 
27 7 588 
27 4 204 
27 7 642 
27 21 352 
27 4 936 
27 7 300 
27 4 468 
26 10 524 
26 5 416 
26 21 616 
26 24 236 
26 19 308 
26 22 544 
26 11 651 
26 12 440 
26 7 470 
26 18 420 
26 14 454 
26 9 286 
26 21 579 
26 9 572 
26 18 592 
25 18 687 
25 16 400 
25 28 880 
25 6 556 
25 21 696 
25 12 892 
25 21 928 
25 8 788 
25 7 262 
25 21 964 
25 20 417 
25 22 964 
24 8 616 
24 13 346 
24 28 333 
24 8 648 
24 13 408 
24 8 516 
24 13 729 
23 14 996 
23 4 486 
23 26 448 
23 8 896 
23 21 334 
23 13 648 
23 19 394 
8 21 320 
8 27 476 
24 7 540 
22 27 560 
22 7 374 
22 27 399 
23 1 250 
23 12 444 
15 18 375 
15 7 812 
5 7 492 
5 13 764 
5 10 513 
11 27 342 
11 28 224 
11 18 516 
21 1 326 
21 22 388 
21 1 462 
20 1 648 
20 13 430 
20 7 988 
20 24 864 
20 27 416 
20 8 780 
20 6 266 
20 14 406 
20 13 570 
20 27 657 
20 28 628 
19 28 354 
19 14 440 
19 6 465 
19 8 435 
19 7 522 
19 14 350 
19 12 240 
19 7 696 
19 1 436 
19 16 788 
19 13 524 
19 1 504 
19 4 214 
19 18 596 
18 14 418 
18 20 366 
18 14 796 
18 20 604 
18 14 597 
18 20 552 
18 14 444 
18 8 428 
18 6 420 
18 27 284 
18 20 592 
18 14 608 
17 22 561 
17 5 624 
17 25 540 
17 20 338 
17 26 386 
17 24 302 
17 23 303 
17 11 208 
17 19 525 
17 5 416 
16 12 573 
16 6 704 
16 18 693 
16 18 864 
16 1 666 
15 4 280 
15 16 528 
15 18 452 
15 25 660 
15 13 412 
15 22 474 
15 11 608 
14 12 712 
14 20 324 
14 24 692 
14 1 333 
14 12 880 
14 20 453 
14 12 996 
14 18 333 
14 20 704 
14 12 548 
14 20 531 
14 12 640 
14 20 274 
14 12 327 
13 18 524 
13 6 768 
13 8 416 
13 8 208 
13 22 364 
13 18 669 
13 4 663 
13 6 864 
13 18 639 
13 6 678 
12 24 312 
12 28 480 
12 28 640 
12 6 309 
12 21 344 
12 21 298 
12 4 410 
12 4 648 
12 7 372 
12 20 360 
12 6 230 
12 4 212 
12 14 486 
12 13 468 
11 24 609 
11 22 480 
11 13 452 
11 18 321 
11 18 304 
10 7 525 
10 25 248 
10 27 290 
10 8 520 
10 27 580 
10 19 220 
10 18 556 
10 11 928 
10 28 708 
10 8 390 
10 28 944 
9 22 442 
9 7 624 
9 12 212 
9 13 612 
9 12 318 
9 21 286 
9 28 406 
9 12 424 
9 14 582 
8 13 270 
8 6 516 
8 13 390 
8 6 224 
8 13 214 
8 6 358 
8 13 692 
7 4 384 
7 27 230 
7 28 486 
7 4 392 
7 28 603 
7 4 414 
7 21 272 
7 28 940 
7 4 525 
7 28 364 
7 4 904 
7 28 260 
7 22 447 
7 4 402 
6 14 572 
6 18 592 
6 14 468 
6 18 210 
6 4 339 
6 28 573 
6 14 657 
6 21 332 
6 18 496 
6 14 532 
6 18 208 
6 14 387 
5 1 621 
5 13 594 
5 24 410 
5 25 218 
5 7 678 
5 9 312 
4 24 226 
4 28 302 
4 7 360 
4 24 312 
4 28 444 
4 24 468 
3 12 408 
3 1 552 
3 5 612 
3 20 612 
3 22 468 
3 25 591 
3 18 300 
3 8 716 
3 4 570 
3 13 669 
3 9 320 
3 6 224 
2 24 370 
2 19 462 
2 21 382 
2 20 912 
2 25 852 
2 14 704 
2 13 522 
2 20 672 
2 28 672 
2 7 402 
2 12 422 
2 22 567 
11 21 537 
16 18 760 
16 7 278 
16 14 327 
16 6 462 
1 27 796 
1 22 752 
1 27 418 
0 1 624 
0 21 280 
0 1 414 
0 21 928 
0 1 872 
