30 320 4

0 205 126 155 179 244 136 248 147 160 247 155 219 223 172 199 160 215 161 230 201 234 199 165 150 141 104 235 158 248 
205 0 120 199 139 164 191 177 200 216 101 229 213 188 123 165 218 187 191 165 244 150 142 191 144 170 194 146 216 144 
126 120 0 114 158 127 184 207 227 177 177 125 159 219 123 218 121 193 110 106 169 177 165 214 165 180 126 193 250 108 
155 199 114 0 212 233 217 240 142 195 180 212 183 117 170 180 104 131 231 127 143 138 103 100 148 111 242 162 178 132 
179 139 158 212 0 105 215 234 105 112 145 169 127 215 165 178 228 221 129 104 189 217 163 190 216 156 210 249 245 119 
244 164 127 233 105 0 135 219 197 107 221 227 142 174 163 115 149 121 114 211 108 225 244 174 186 100 233 215 168 222 
136 191 184 217 215 135 0 211 180 123 177 171 188 192 235 181 154 240 232 120 235 222 150 168 200 166 148 127 168 194 
248 177 207 240 234 219 211 0 202 141 142 211 122 117 245 104 128 212 156 219 174 245 173 238 151 121 179 137 230 158 
147 200 227 142 105 197 180 202 0 140 124 124 154 113 136 202 223 245 203 184 236 173 227 144 204 236 113 139 186 105 
160 216 177 195 112 107 123 141 140 0 230 125 173 211 203 141 126 158 116 216 243 144 217 166 137 125 231 174 221 213 
247 101 177 180 145 221 177 142 124 230 0 241 142 123 210 195 239 205 130 170 161 141 195 161 224 143 223 216 165 217 
155 229 125 212 169 227 171 211 124 125 241 0 246 169 239 205 144 121 132 132 164 124 117 102 206 142 228 104 193 178 
219 213 159 183 127 142 188 122 154 173 142 246 0 170 225 189 211 167 118 114 193 121 176 235 117 166 222 247 144 138 
223 188 219 117 215 174 192 117 113 211 123 169 170 0 250 114 157 102 176 246 157 214 202 142 203 126 248 150 159 105 
172 123 123 170 165 163 235 245 136 203 210 239 225 250 0 120 187 176 157 120 104 169 175 186 130 215 154 231 113 197 
199 165 218 180 178 115 181 104 202 141 195 205 189 114 120 0 229 236 143 133 157 104 178 233 166 119 232 248 185 221 
160 218 121 104 228 149 154 128 223 126 239 144 211 157 187 229 0 128 154 123 152 182 221 127 204 238 109 134 133 222 
215 187 193 131 221 121 240 212 245 158 205 121 167 102 176 236 128 0 145 207 130 148 110 201 228 181 185 134 123 201 
161 191 110 231 129 114 232 156 203 116 130 132 118 176 157 143 154 145 0 145 249 100 106 176 163 192 109 202 247 212 
230 165 106 127 104 211 120 219 184 216 170 132 114 246 120 133 123 207 145 0 244 224 129 126 245 238 213 133 164 125 
201 244 169 143 189 108 235 174 236 243 161 164 193 157 104 157 152 130 249 244 0 232 153 116 139 131 246 202 132 168 
234 150 177 138 217 225 222 245 173 144 141 124 121 214 169 104 182 148 100 224 232 0 216 124 182 164 193 101 105 218 
199 142 165 103 163 244 150 173 227 217 195 117 176 202 175 178 221 110 106 129 153 216 0 167 240 179 217 230 139 137 
165 191 214 100 190 174 168 238 144 166 161 102 235 142 186 233 127 201 176 126 116 124 167 0 212 169 248 128 143 173 
150 144 165 148 216 186 200 151 204 137 224 206 117 203 130 166 204 228 163 245 139 182 240 212 0 151 217 137 155 136 
141 170 180 111 156 100 166 121 236 125 143 142 166 126 215 119 238 181 192 238 131 164 179 169 151 0 242 114 174 230 
104 194 126 242 210 233 148 179 113 231 223 228 222 248 154 232 109 185 109 213 246 193 217 248 217 242 0 195 155 190 
235 146 193 162 249 215 127 137 139 174 216 104 247 150 231 248 134 134 202 133 202 101 230 128 137 114 195 0 138 148 
158 216 250 178 245 168 168 230 186 221 165 193 144 159 113 185 133 123 247 164 132 105 139 143 155 174 155 138 0 104 
248 144 108 132 119 222 194 158 105 213 217 178 138 105 197 221 222 201 212 125 168 218 137 173 136 230 190 148 104 0 

29 10 434 
29 1 888 
29 24 544 
29 24 272 
29 13 420 
29 8 264 
29 7 460 
29 15 876 
29 2 216 
29 9 346 
29 12 276 
29 8 420 
29 7 444 
29 9 639 
28 12 414 
28 22 276 
28 6 336 
28 24 620 
28 17 246 
27 25 228 
27 7 548 
27 1 438 
27 9 348 
27 21 202 
27 25 705 
27 2 386 
26 3 426 
26 28 620 
26 12 888 
26 7 537 
26 25 312 
26 24 434 
26 22 430 
26 21 579 
26 23 472 
26 20 984 
26 1 582 
26 1 388 
25 7 342 
25 15 476 
25 4 624 
25 21 656 
25 22 338 
25 22 537 
25 13 282 
25 10 286 
25 24 507 
25 29 460 
24 7 612 
24 12 648 
24 7 296 
24 12 468 
24 7 576 
24 12 450 
23 22 668 
23 20 464 
23 10 322 
23 12 705 
23 5 696 
23 14 558 
23 2 856 
23 17 402 
23 21 372 
23 19 378 
23 17 603 
23 28 286 
23 28 429 
23 5 330 
23 25 254 
23 19 252 
22 13 537 
22 21 412 
22 17 556 
22 24 960 
22 9 651 
22 12 528 
22 13 390 
22 9 868 
22 17 468 
22 13 652 
22 17 585 
22 18 318 
22 13 645 
22 17 258 
22 13 330 
21 22 531 
21 18 282 
21 22 618 
21 18 200 
21 22 420 
21 7 832 
21 18 519 
21 22 702 
21 18 300 
21 22 400 
21 18 708 
20 8 472 
20 21 524 
20 21 456 
20 24 417 
20 29 504 
20 28 432 
20 21 928 
20 17 390 
20 19 393 
20 4 756 
20 1 908 
20 17 260 
20 14 208 
19 22 258 
19 10 510 
19 21 426 
19 18 290 
19 1 656 
19 12 342 
19 12 456 
19 2 212 
19 21 508 
19 15 240 
19 21 639 
19 24 693 
19 6 480 
19 15 264 
19 9 690 
18 17 212 
18 22 352 
18 24 326 
18 17 435 
18 21 400 
18 6 928 
18 24 489 
18 22 516 
18 17 456 
18 22 435 
17 13 374 
17 10 860 
17 13 740 
17 10 384 
17 13 262 
17 10 363 
17 13 543 
17 15 432 
17 7 424 
17 10 663 
17 12 334 
17 22 440 
17 6 720 
17 13 555 
17 24 456 
17 10 748 
16 4 681 
16 21 364 
16 29 666 
16 25 430 
16 24 408 
16 28 532 
16 6 616 
16 9 252 
15 21 820 
15 18 345 
15 9 564 
15 21 712 
15 18 912 
15 21 480 
15 18 460 
15 21 696 
15 18 928 
15 21 864 
15 18 660 
15 21 230 
14 17 528 
14 15 462 
14 10 510 
14 24 717 
14 1 246 
14 22 700 
14 6 940 
14 28 489 
14 13 616 
14 1 492 
13 10 314 
13 1 420 
13 10 669 
13 1 338 
13 10 492 
13 18 528 
12 15 334 
12 7 340 
12 15 549 
12 9 519 
12 7 332 
12 15 568 
12 7 484 
12 15 276 
12 7 426 
12 9 346 
12 15 639 
12 24 468 
11 28 579 
11 2 500 
11 13 507 
11 28 456 
11 19 396 
11 18 396 
11 5 288 
11 10 482 
10 21 282 
10 21 423 
10 12 426 
10 2 286 
10 22 390 
10 24 448 
10 24 896 
10 18 260 
13 12 406 
9 6 369 
13 12 411 
13 18 434 
7 24 448 
7 12 548 
7 6 321 
7 24 430 
24 9 651 
9 12 232 
9 24 378 
8 19 552 
8 18 558 
8 4 420 
8 9 472 
8 4 417 
8 9 372 
8 15 808 
8 17 860 
8 21 339 
8 13 744 
8 15 576 
8 17 645 
8 22 681 
8 19 368 
8 9 560 
8 4 420 
7 15 876 
7 21 522 
7 15 242 
7 24 302 
7 21 744 
16 11 480 
11 2 705 
27 9 633 
27 29 504 
28 12 573 
28 19 844 
28 10 405 
28 7 450 
2 1 600 
2 15 592 
10 22 720 
6 9 480 
6 24 508 
6 9 705 
5 28 672 
5 7 876 
5 21 669 
5 18 892 
5 22 696 
5 13 348 
5 22 723 
5 4 420 
5 22 681 
5 10 884 
4 24 630 
4 10 290 
4 21 868 
4 17 663 
4 24 446 
4 7 537 
4 22 489 
4 9 669 
4 19 312 
4 13 645 
3 28 534 
3 12 366 
3 15 360 
3 1 310 
3 4 636 
3 22 309 
3 13 351 
3 18 418 
3 29 528 
3 8 568 
3 20 572 
3 29 312 
3 9 390 
2 7 621 
2 10 492 
2 13 856 
2 1 360 
2 10 531 
2 17 386 
2 22 363 
1 17 748 
1 22 426 
1 13 564 
1 2 776 
1 19 654 
1 18 382 
1 24 288 
1 2 648 
1 7 531 
1 19 480 
1 2 292 
1 12 426 
1 21 300 
1 6 382 
1 9 432 
1 19 510 
0 6 620 
0 9 300 
0 6 320 
0 9 480 
