30 218 3

0 181 202 198 233 132 212 104 166 188 177 171 133 101 186 225 221 187 250 169 180 188 149 246 230 220 133 151 110 150 
181 0 222 221 213 104 175 231 100 217 228 135 157 150 247 206 151 201 180 224 186 212 127 211 132 177 249 198 111 142 
202 222 0 204 138 162 231 208 139 245 167 153 195 163 144 108 167 220 111 121 185 221 154 171 244 129 140 182 188 234 
198 221 204 0 194 141 112 245 164 129 134 247 207 135 219 131 183 123 201 152 212 152 122 178 226 186 191 180 209 183 
233 213 138 194 0 138 222 122 119 126 219 245 198 232 202 196 237 139 141 108 177 104 228 236 170 247 108 123 189 202 
132 104 162 141 138 0 156 232 114 189 120 215 162 207 203 233 140 156 100 115 162 128 184 109 247 159 245 102 243 171 
212 175 231 112 222 156 0 103 166 143 143 151 120 159 248 114 123 114 207 126 226 148 100 116 116 244 225 101 171 197 
104 231 208 245 122 232 103 0 189 229 201 247 127 225 216 247 223 227 209 212 239 209 126 238 185 153 249 116 146 187 
166 100 139 164 119 114 166 189 0 153 200 138 146 152 189 138 199 190 212 184 196 190 138 136 243 179 248 235 217 150 
188 217 245 129 126 189 143 229 153 0 201 215 144 211 245 178 187 226 201 205 243 121 206 181 249 159 141 220 204 191 
177 228 167 134 219 120 143 201 200 201 0 115 238 215 130 222 100 170 107 225 199 196 148 137 235 128 229 208 207 155 
171 135 153 247 245 215 151 247 138 215 115 0 238 164 142 248 174 152 237 103 145 146 187 113 184 131 171 138 112 207 
133 157 195 207 198 162 120 127 146 144 238 238 0 173 116 129 228 126 140 204 227 186 217 248 205 211 195 178 137 124 
101 150 163 135 232 207 159 225 152 211 215 164 173 0 181 149 238 132 156 102 114 141 121 141 189 217 203 127 227 166 
186 247 144 219 202 203 248 216 189 245 130 142 116 181 0 239 191 161 236 166 249 103 166 213 225 226 119 203 215 202 
225 206 108 131 196 233 114 247 138 178 222 248 129 149 239 0 188 164 121 244 249 150 238 218 206 157 176 163 227 127 
221 151 167 183 237 140 123 223 199 187 100 174 228 238 191 188 0 163 127 194 123 170 245 225 129 105 196 153 113 118 
187 201 220 123 139 156 114 227 190 226 170 152 126 132 161 164 163 0 237 144 189 101 118 177 134 205 139 182 111 189 
250 180 111 201 141 100 207 209 212 201 107 237 140 156 236 121 127 237 0 202 158 204 192 248 237 183 206 196 116 155 
169 224 121 152 108 115 126 212 184 205 225 103 204 102 166 244 194 144 202 0 238 184 186 128 148 205 242 138 226 219 
180 186 185 212 177 162 226 239 196 243 199 145 227 114 249 249 123 189 158 238 0 100 183 231 164 189 236 149 130 103 
188 212 221 152 104 128 148 209 190 121 196 146 186 141 103 150 170 101 204 184 100 0 224 235 184 113 203 244 120 215 
149 127 154 122 228 184 100 126 138 206 148 187 217 121 166 238 245 118 192 186 183 224 0 174 176 114 244 205 142 179 
246 211 171 178 236 109 116 238 136 181 137 113 248 141 213 218 225 177 248 128 231 235 174 0 165 164 166 202 182 151 
230 132 244 226 170 247 116 185 243 249 235 184 205 189 225 206 129 134 237 148 164 184 176 165 0 104 148 220 223 248 
220 177 129 186 247 159 244 153 179 159 128 131 211 217 226 157 105 205 183 205 189 113 114 164 104 0 143 129 188 238 
133 249 140 191 108 245 225 249 248 141 229 171 195 203 119 176 196 139 206 242 236 203 244 166 148 143 0 250 199 138 
151 198 182 180 123 102 101 116 235 220 208 138 178 127 203 163 153 182 196 138 149 244 205 202 220 129 250 0 202 100 
110 111 188 209 189 243 171 146 217 204 207 112 137 227 215 227 113 111 116 226 130 120 142 182 223 188 199 202 0 215 
150 142 234 183 202 171 197 187 150 191 155 207 124 166 202 127 118 189 155 219 103 215 179 151 248 238 138 100 215 0 

29 8 600 
29 6 591 
29 7 374 
29 23 453 
29 25 446 
29 13 498 
29 1 284 
29 11 414 
29 17 378 
29 10 465 
29 27 200 
28 18 232 
28 22 426 
28 9 612 
28 22 568 
28 3 836 
28 21 360 
28 27 606 
28 21 240 
27 13 508 
27 28 606 
27 11 414 
27 2 546 
27 28 404 
27 19 276 
27 9 440 
27 17 728 
27 4 369 
27 10 416 
27 10 832 
26 12 390 
26 18 824 
26 0 399 
26 0 532 
26 20 708 
26 16 784 
26 9 423 
26 5 735 
25 15 628 
25 11 393 
25 2 516 
25 16 420 
25 8 716 
25 1 708 
25 19 615 
25 8 537 
25 4 434 
24 14 450 
24 23 495 
24 8 464 
24 16 387 
24 7 370 
24 3 904 
24 3 452 
24 22 352 
24 28 669 
24 27 651 
24 19 592 
23 18 836 
23 11 226 
23 12 472 
23 15 654 
23 25 492 
23 10 411 
23 2 513 
22 29 537 
22 12 868 
22 6 400 
22 25 456 
22 4 912 
22 16 657 
22 19 558 
21 25 226 
21 14 412 
21 11 292 
20 29 412 
20 17 756 
20 16 492 
20 1 372 
20 0 360 
20 8 392 
20 9 663 
20 17 567 
19 17 576 
19 14 332 
19 24 592 
18 24 474 
18 19 404 
18 10 428 
18 23 836 
18 0 904 
18 17 681 
18 15 484 
18 27 392 
18 29 620 
18 23 627 
18 20 474 
17 19 576 
17 0 748 
17 29 567 
17 13 264 
17 13 528 
16 26 392 
16 5 420 
16 19 776 
16 12 456 
16 29 354 
16 6 369 
16 19 388 
16 14 573 
16 12 912 
16 25 210 
16 25 315 
16 9 561 
15 7 434 
15 26 704 
15 1 618 
15 13 596 
15 6 228 
14 11 284 
14 6 472 
14 13 362 
14 17 644 
14 6 944 
14 12 464 
13 9 422 
13 0 404 
13 23 564 
13 8 456 
12 17 252 
12 6 240 
12 29 496 
11 29 414 
11 19 309 
11 6 453 
11 12 714 
11 14 568 
11 3 494 
11 13 492 
11 7 988 
11 19 412 
11 2 612 
11 6 604 
11 22 561 
10 20 597 
10 5 240 
10 23 548 
10 13 430 
9 10 804 
9 18 804 
9 23 362 
8 0 332 
8 26 908 
8 29 450 
8 21 570 
8 18 424 
8 20 588 
8 1 300 
7 10 804 
7 21 627 
7 4 366 
7 28 292 
6 5 312 
6 7 309 
6 25 856 
6 18 828 
6 24 232 
6 25 428 
6 11 604 
6 8 332 
5 18 400 
5 21 384 
5 29 513 
5 3 564 
5 11 430 
5 7 654 
5 28 860 
5 17 468 
5 0 264 
5 4 414 
4 26 216 
4 19 432 
4 12 594 
4 10 438 
4 29 606 
4 27 492 
3 23 534 
3 4 388 
3 26 573 
3 10 402 
3 15 524 
3 10 536 
3 7 430 
2 8 556 
2 5 324 
2 5 486 
2 6 444 
2 18 222 
2 4 552 
2 24 932 
2 0 606 
2 5 648 
2 20 370 
2 28 564 
2 9 490 
1 22 254 
1 3 884 
1 21 424 
1 20 558 
1 9 868 
1 20 372 
1 24 396 
1 15 412 
1 27 396 
1 23 844 
0 24 460 
0 29 600 
0 7 312 
