30 176 3

0 145 159 225 136 168 100 140 145 215 133 105 232 189 241 157 194 229 194 249 147 116 199 227 240 205 134 196 210 231 
145 0 201 190 144 164 102 139 114 151 136 122 116 104 217 200 233 144 131 178 183 189 182 183 107 130 217 116 138 235 
159 201 0 114 149 130 124 213 187 180 199 247 181 225 214 142 107 243 198 108 237 171 170 163 120 161 148 245 234 201 
225 190 114 0 125 121 187 240 246 210 106 128 112 197 158 142 214 206 219 250 109 204 124 116 206 226 143 181 115 113 
136 144 149 125 0 237 199 188 195 125 186 181 108 142 148 234 182 133 192 195 135 107 219 223 182 218 151 231 144 203 
168 164 130 121 237 0 175 175 105 210 245 163 146 170 127 198 104 191 103 117 185 116 109 212 227 117 231 107 139 129 
100 102 124 187 199 175 0 231 181 153 188 212 117 231 108 242 227 122 198 171 225 104 235 228 136 190 220 181 201 166 
140 139 213 240 188 175 231 0 173 212 190 250 116 108 220 141 234 215 227 154 101 250 120 208 199 100 177 129 221 181 
145 114 187 246 195 105 181 173 0 151 149 149 201 111 247 189 182 231 182 166 196 199 124 106 108 106 219 219 233 176 
215 151 180 210 125 210 153 212 151 0 216 124 180 240 211 166 139 144 190 189 185 100 235 227 117 239 124 192 130 248 
133 136 199 106 186 245 188 190 149 216 0 109 229 101 202 210 150 228 149 181 199 250 110 142 152 191 136 100 100 204 
105 122 247 128 181 163 212 250 149 124 109 0 238 171 124 242 239 164 230 148 189 104 230 146 125 202 228 246 142 140 
232 116 181 112 108 146 117 116 201 180 229 238 0 169 152 126 232 119 236 172 118 181 168 153 143 103 104 183 127 211 
189 104 225 197 142 170 231 108 111 240 101 171 169 0 208 193 151 110 250 227 250 194 218 120 166 205 239 213 119 182 
241 217 214 158 148 127 108 220 247 211 202 124 152 208 0 175 106 163 247 161 171 122 158 187 115 212 115 155 155 187 
157 200 142 142 234 198 242 141 189 166 210 242 126 193 175 0 127 170 248 112 203 220 221 124 149 121 141 126 217 209 
194 233 107 214 182 104 227 234 182 139 150 239 232 151 106 127 0 231 240 197 111 105 205 153 241 132 177 235 247 163 
229 144 243 206 133 191 122 215 231 144 228 164 119 110 163 170 231 0 169 231 128 126 212 141 110 114 198 164 124 164 
194 131 198 219 192 103 198 227 182 190 149 230 236 250 247 248 240 169 0 106 102 219 241 114 169 114 240 229 212 125 
249 178 108 250 195 117 171 154 166 189 181 148 172 227 161 112 197 231 106 0 122 161 114 200 130 142 121 104 230 134 
147 183 237 109 135 185 225 101 196 185 199 189 118 250 171 203 111 128 102 122 0 126 161 177 241 225 215 175 102 135 
116 189 171 204 107 116 104 250 199 100 250 104 181 194 122 220 105 126 219 161 126 0 113 217 219 198 215 227 210 211 
199 182 170 124 219 109 235 120 124 235 110 230 168 218 158 221 205 212 241 114 161 113 0 181 245 226 158 152 206 146 
227 183 163 116 223 212 228 208 106 227 142 146 153 120 187 124 153 141 114 200 177 217 181 0 108 175 228 168 121 145 
240 107 120 206 182 227 136 199 108 117 152 125 143 166 115 149 241 110 169 130 241 219 245 108 0 186 138 235 155 169 
205 130 161 226 218 117 190 100 106 239 191 202 103 205 212 121 132 114 114 142 225 198 226 175 186 0 184 186 145 168 
134 217 148 143 151 231 220 177 219 124 136 228 104 239 115 141 177 198 240 121 215 215 158 228 138 184 0 179 236 139 
196 116 245 181 231 107 181 129 219 192 100 246 183 213 155 126 235 164 229 104 175 227 152 168 235 186 179 0 189 237 
210 138 234 115 144 139 201 221 233 130 100 142 127 119 155 217 247 124 212 230 102 210 206 121 155 145 236 189 0 207 
231 235 201 113 203 129 166 181 176 248 204 140 211 182 187 209 163 164 125 134 135 211 146 145 169 168 139 237 207 0 

20 22 338 
20 5 250 
29 18 676 
29 5 580 
29 11 280 
28 3 230 
28 3 460 
28 21 420 
28 11 908 
28 29 414 
28 9 465 
27 9 362 
27 2 636 
27 18 420 
27 14 620 
27 16 724 
27 22 300 
26 14 276 
26 16 474 
26 9 496 
25 29 336 
25 29 504 
25 19 568 
25 27 744 
25 12 412 
25 14 848 
24 21 434 
24 27 321 
24 8 432 
24 11 375 
24 11 500 
24 29 507 
24 12 429 
23 10 360 
23 2 326 
23 4 669 
23 5 633 
23 4 446 
22 4 364 
22 4 876 
22 9 426 
22 3 880 
21 4 420 
21 9 446 
21 4 504 
20 9 740 
20 26 645 
20 19 900 
20 29 540 
20 27 256 
20 22 644 
19 2 432 
19 18 318 
19 14 483 
19 5 351 
19 5 568 
19 14 284 
19 4 534 
19 11 800 
18 3 844 
28 16 596 
28 14 204 
18 11 460 
28 2 546 
10 4 840 
10 12 630 
18 5 228 
17 14 652 
17 16 924 
17 15 340 
17 11 492 
17 29 328 
17 2 488 
17 22 848 
8 28 381 
16 2 364 
16 26 708 
16 3 528 
15 29 726 
15 4 496 
15 29 627 
15 4 484 
15 12 567 
15 19 448 
15 16 600 
15 16 248 
15 12 252 
23 15 404 
14 12 608 
23 19 920 
14 12 456 
14 26 345 
23 18 508 
8 14 212 
13 10 404 
13 2 675 
13 21 388 
13 14 624 
13 10 303 
17 12 336 
17 21 676 
24 23 338 
24 10 309 
23 20 304 
12 14 688 
12 26 234 
12 14 312 
6 12 410 
6 18 808 
6 14 820 
6 2 326 
11 21 372 
11 9 476 
11 21 627 
10 12 436 
10 16 400 
10 15 420 
10 18 426 
1 13 234 
9 4 424 
9 12 420 
9 4 768 
8 15 378 
8 4 216 
8 25 872 
8 18 728 
7 20 202 
7 5 525 
7 12 348 
7 19 417 
7 4 564 
7 15 324 
7 20 404 
7 29 724 
6 15 484 
6 14 432 
6 9 306 
6 13 618 
6 25 570 
5 29 516 
5 26 924 
10 4 621 
10 12 214 
5 19 351 
1 15 426 
1 11 596 
4 11 724 
13 26 432 
13 4 384 
13 2 272 
13 3 546 
4 26 585 
4 12 657 
25 3 591 
3 2 456 
3 11 512 
7 22 450 
20 26 464 
3 18 570 
8 3 687 
8 28 872 
8 16 675 
25 7 228 
25 22 248 
2 12 362 
2 3 324 
2 14 852 
1 4 204 
1 18 262 
1 26 868 
1 27 232 
1 5 656 
1 17 576 
0 21 408 
0 11 832 
0 21 580 
