10 59 3

0 133 132 192 202 161 122 202 235 162 
133 0 184 239 130 200 215 100 214 173 
132 184 0 219 167 141 149 175 104 120 
192 239 219 0 152 241 140 241 168 223 
202 130 167 152 0 143 123 141 194 175 
161 200 141 241 143 0 217 227 130 115 
122 215 149 140 123 217 0 238 159 139 
202 100 175 241 141 227 238 0 240 120 
235 214 104 168 194 130 159 240 0 130 
162 173 120 223 175 115 139 120 130 0 

9 2 480 
9 8 648 
9 2 350 
9 8 417 
9 2 700 
9 5 669 
9 2 692 
9 2 480 
9 8 260 
8 9 260 
8 5 582 
8 9 776 
7 5 723 
7 5 454 
7 2 964 
7 2 350 
7 5 300 
7 9 360 
7 9 480 
6 7 952 
6 1 860 
6 2 366 
6 9 556 
6 5 868 
6 4 369 
6 2 298 
5 9 460 
5 7 800 
5 9 681 
4 7 456 
4 5 304 
4 9 350 
4 9 246 
4 5 429 
4 7 282 
3 9 669 
3 7 482 
3 4 456 
3 2 657 
3 8 336 
3 7 280 
3 9 446 
3 7 964 
6 7 423 
6 7 736 
2 8 525 
2 5 480 
2 8 334 
1 8 642 
1 2 956 
1 9 346 
1 5 478 
1 8 430 
1 2 736 
1 5 600 
1 9 519 
0 8 324 
0 2 366 
0 8 940 
