10 110 5

0 172 120 129 225 127 125 190 231 172 
172 0 231 114 120 209 104 103 217 240 
120 231 0 190 241 209 181 166 162 161 
129 114 190 0 143 133 197 200 189 177 
225 120 241 143 0 101 244 207 215 112 
127 209 209 133 101 0 168 101 150 190 
125 104 181 197 244 168 0 179 211 102 
190 103 166 200 207 101 179 0 128 142 
231 217 162 189 215 150 211 128 0 160 
172 240 161 177 112 190 102 142 160 0 

9 1 640 
9 1 618 
9 1 688 
9 3 336 
9 3 708 
9 3 570 
9 1 412 
9 3 760 
9 1 824 
9 6 448 
9 1 380 
9 1 284 
9 3 354 
9 3 531 
9 1 568 
9 1 483 
9 3 320 
9 6 322 
9 3 426 
8 6 486 
8 9 480 
8 9 462 
8 9 320 
8 1 434 
8 1 868 
8 7 512 
8 5 450 
8 4 645 
8 9 640 
8 5 300 
7 1 512 
7 3 570 
7 3 600 
7 4 808 
7 1 412 
7 5 303 
7 9 426 
7 4 332 
7 4 404 
7 4 606 
7 6 358 
6 1 312 
6 4 375 
6 9 724 
6 3 394 
6 4 537 
6 9 642 
6 3 591 
6 4 336 
6 9 856 
6 4 500 
6 9 633 
6 4 716 
5 3 399 
5 3 508 
5 1 816 
5 4 404 
5 6 336 
5 9 836 
4 1 360 
4 1 450 
4 1 202 
4 6 645 
4 6 404 
5 3 800 
5 3 228 
5 1 286 
4 3 531 
4 6 516 
4 9 572 
4 9 591 
3 6 456 
3 1 760 
3 6 399 
3 1 600 
3 6 532 
3 1 570 
3 6 258 
3 1 380 
3 6 387 
3 1 708 
3 6 567 
3 1 400 
3 6 342 
2 6 724 
2 8 648 
2 8 324 
2 3 760 
2 9 322 
2 6 362 
2 5 836 
2 7 332 
2 7 664 
2 3 380 
2 5 627 
1 6 516 
1 9 651 
1 3 228 
1 6 240 
1 9 868 
1 6 408 
1 9 462 
1 6 208 
1 9 416 
1 6 309 
0 3 508 
0 1 240 
0 3 570 
0 1 462 
0 3 380 
