10 72 4

0 134 201 163 101 169 181 216 158 134 
134 0 250 191 178 133 167 184 105 232 
201 250 0 156 158 149 103 164 197 244 
163 191 156 0 187 221 178 145 190 209 
101 178 158 187 0 240 174 124 107 121 
169 133 149 221 240 0 169 227 187 141 
181 167 103 178 174 169 0 143 171 172 
216 184 164 145 124 227 143 0 179 232 
158 105 197 190 107 187 171 179 0 222 
134 232 244 209 121 141 172 232 222 0 

9 5 282 
9 1 464 
9 1 696 
9 4 242 
9 8 666 
9 7 464 
9 3 418 
9 3 836 
9 6 268 
9 5 423 
8 6 684 
8 3 428 
8 5 321 
8 3 760 
8 3 474 
8 5 696 
8 7 681 
5 2 716 
5 7 454 
5 2 464 
7 2 248 
7 6 928 
7 2 432 
2 3 342 
2 6 522 
2 6 684 
2 6 348 
2 6 309 
6 2 334 
6 7 429 
6 3 356 
6 3 534 
5 6 338 
5 7 908 
5 6 507 
5 3 676 
5 2 447 
5 6 423 
4 2 316 
4 1 303 
4 2 363 
4 5 720 
4 7 372 
4 6 404 
4 7 248 
4 1 534 
4 1 712 
8 7 534 
8 6 561 
3 7 290 
3 6 570 
3 7 418 
2 3 298 
2 3 316 
2 7 394 
2 6 750 
1 5 268 
1 2 1000 
1 7 552 
1 5 399 
1 3 402 
1 7 368 
1 5 696 
1 2 500 
1 3 573 
1 6 501 
1 3 928 
1 2 712 
0 3 536 
0 7 507 
0 3 268 
0 7 864 
