10 98 5

0 224 176 192 239 247 227 105 234 203 
224 0 117 236 220 218 214 225 184 188 
176 117 0 231 134 118 229 180 181 175 
192 236 231 0 234 104 175 210 183 196 
239 220 134 234 0 106 104 144 240 245 
247 218 118 104 106 0 226 134 180 223 
227 214 229 175 104 226 0 155 106 169 
105 225 180 210 144 134 155 0 109 212 
234 184 181 183 240 180 106 109 0 130 
203 188 175 196 245 223 169 212 130 0 

9 2 700 
9 3 424 
9 1 564 
9 1 752 
9 3 812 
8 5 720 
8 3 856 
8 5 540 
8 3 424 
8 3 420 
8 3 366 
8 2 318 
8 9 520 
8 3 732 
8 2 724 
8 3 549 
8 5 360 
8 9 260 
7 6 465 
7 4 576 
7 4 288 
7 1 450 
7 1 675 
7 8 218 
7 1 900 
7 3 630 
7 9 424 
7 3 840 
7 2 720 
7 5 268 
6 8 620 
6 1 428 
6 5 840 
6 2 916 
6 9 416 
6 3 700 
6 9 507 
6 5 310 
6 9 676 
9 3 536 
9 1 268 
5 1 717 
5 2 892 
5 3 208 
5 1 402 
5 2 354 
5 1 436 
5 3 416 
5 2 478 
4 5 212 
4 5 424 
4 5 318 
4 1 576 
4 9 735 
4 9 288 
4 6 312 
4 9 490 
4 3 420 
4 9 956 
4 1 440 
9 2 708 
9 1 768 
3 5 312 
3 2 420 
3 5 700 
2 5 472 
2 3 666 
2 9 362 
2 1 458 
2 5 236 
2 9 540 
2 1 268 
2 9 704 
2 1 234 
2 9 360 
2 1 536 
2 3 444 
2 3 888 
2 9 350 
1 2 564 
1 2 351 
1 5 440 
1 3 675 
1 5 752 
1 3 368 
1 2 642 
1 2 880 
1 3 944 
1 2 468 
1 5 450 
1 5 436 
1 5 736 
1 5 896 
0 5 717 
0 3 768 
0 5 642 
0 3 210 
0 5 428 
