10 77 3

0 241 167 164 150 162 128 126 162 101 
241 0 155 178 103 111 236 161 158 145 
167 155 0 122 102 216 235 176 233 143 
164 178 122 0 206 230 151 218 201 184 
150 103 102 206 0 230 135 182 106 107 
162 111 216 230 230 0 181 138 136 114 
128 236 235 151 135 181 0 235 113 248 
126 161 176 218 182 138 235 0 134 127 
162 158 233 201 106 136 113 134 0 147 
101 145 143 184 107 114 248 127 147 0 

9 2 572 
9 7 508 
9 5 342 
8 7 536 
9 4 632 
9 7 408 
9 6 588 
4 8 416 
4 3 804 
3 6 832 
3 7 318 
8 7 402 
8 3 424 
9 8 528 
9 7 504 
9 2 728 
7 8 414 
7 6 268 
7 8 483 
6 7 470 
3 6 604 
6 3 540 
6 2 687 
6 3 458 
6 2 270 
6 3 405 
6 2 256 
6 3 384 
6 2 916 
6 3 944 
5 3 690 
5 3 920 
5 7 552 
5 1 444 
5 2 342 
5 7 414 
5 1 222 
5 7 486 
5 4 642 
4 3 618 
4 2 204 
4 7 206 
4 2 428 
4 6 270 
4 2 306 
4 3 412 
3 8 328 
3 7 824 
3 7 460 
3 8 804 
3 8 368 
3 6 366 
2 7 408 
2 6 470 
2 8 310 
2 7 704 
2 8 334 
2 7 501 
2 7 204 
2 7 620 
2 3 864 
2 7 432 
1 7 322 
1 2 310 
1 7 222 
1 8 632 
1 2 723 
1 8 333 
1 2 964 
1 7 483 
1 3 356 
1 8 316 
1 6 708 
1 4 206 
0 8 656 
0 7 252 
0 8 404 
