10 92 4

0 175 140 153 203 104 142 142 156 199 
175 0 245 247 202 169 105 157 197 210 
140 245 0 216 224 138 223 178 125 147 
153 247 216 0 230 118 218 126 240 188 
203 202 224 230 0 230 239 155 112 149 
104 169 138 118 230 0 175 197 127 193 
142 105 223 218 239 175 0 101 213 138 
142 157 178 126 155 197 101 0 196 101 
156 197 125 240 112 127 213 196 0 147 
199 210 147 188 149 193 138 101 147 0 

9 6 376 
9 1 420 
9 4 298 
9 4 447 
9 4 596 
8 4 852 
8 1 394 
8 4 312 
8 1 426 
8 4 591 
8 1 392 
8 4 468 
8 1 588 
8 4 960 
8 1 224 
8 4 784 
7 9 404 
7 9 303 
7 1 568 
7 9 202 
7 4 620 
7 6 202 
7 1 471 
7 6 303 
7 4 465 
6 2 446 
6 2 276 
6 2 404 
6 4 552 
6 8 852 
6 2 669 
5 7 788 
5 3 236 
5 2 276 
5 8 254 
5 1 338 
5 7 394 
5 4 920 
5 9 772 
5 6 416 
5 4 312 
4 6 310 
4 1 808 
4 6 447 
4 8 224 
4 1 406 
4 8 336 
4 6 956 
4 2 672 
4 1 620 
4 6 690 
4 1 465 
4 6 606 
4 1 717 
3 6 872 
3 7 504 
3 2 432 
3 4 690 
3 8 354 
3 8 720 
3 8 960 
3 7 712 
3 7 280 
9 4 414 
9 1 490 
9 8 864 
9 4 669 
6 1 448 
6 1 672 
6 8 892 
2 4 250 
2 8 552 
2 4 441 
2 8 735 
2 4 446 
2 8 648 
2 4 560 
1 2 338 
1 8 788 
1 4 404 
1 8 630 
1 4 840 
1 8 676 
1 8 988 
1 8 394 
1 2 490 
1 2 735 
1 8 350 
0 8 426 
0 2 284 
0 8 280 
0 2 312 
