20 165 3

0 228 131 232 148 242 195 215 199 131 208 188 168 206 170 110 175 159 134 143 
228 0 105 192 153 246 244 149 179 162 215 216 190 182 121 166 232 176 231 170 
131 105 0 228 136 125 244 249 210 183 135 240 116 161 137 126 115 234 201 224 
232 192 228 0 134 160 130 112 112 163 221 241 231 233 198 169 106 199 151 166 
148 153 136 134 0 180 108 157 190 240 160 138 162 161 109 207 200 106 113 186 
242 246 125 160 180 0 184 201 228 164 236 189 250 117 124 108 202 155 138 164 
195 244 244 130 108 184 0 181 150 250 112 212 147 152 183 139 147 141 203 209 
215 149 249 112 157 201 181 0 161 194 143 129 156 168 184 164 199 183 169 140 
199 179 210 112 190 228 150 161 0 216 153 109 123 180 217 163 126 195 129 185 
131 162 183 163 240 164 250 194 216 0 150 107 195 158 101 181 133 121 190 154 
208 215 135 221 160 236 112 143 153 150 0 226 184 200 229 170 176 111 189 183 
188 216 240 241 138 189 212 129 109 107 226 0 202 181 145 163 243 243 160 237 
168 190 116 231 162 250 147 156 123 195 184 202 0 117 234 208 112 247 206 208 
206 182 161 233 161 117 152 168 180 158 200 181 117 0 221 187 194 204 205 109 
170 121 137 198 109 124 183 184 217 101 229 145 234 221 0 134 139 102 142 114 
110 166 126 169 207 108 139 164 163 181 170 163 208 187 134 0 229 153 159 212 
175 232 115 106 200 202 147 199 126 133 176 243 112 194 139 229 0 206 134 222 
159 176 234 199 106 155 141 183 195 121 111 243 247 204 102 153 206 0 144 121 
134 231 201 151 113 138 203 169 129 190 189 160 206 205 142 159 134 144 0 141 
143 170 224 166 186 164 209 140 185 154 183 237 208 109 114 212 222 121 141 0 

17 15 484 
1 7 474 
1 16 744 
19 13 218 
1 15 372 
1 13 832 
1 2 564 
16 5 740 
16 15 666 
16 3 510 
19 3 836 
19 7 308 
18 13 410 
18 2 603 
18 7 507 
18 1 402 
18 3 570 
18 16 536 
18 14 568 
18 10 480 
18 3 320 
18 1 693 
18 13 615 
18 19 282 
17 12 912 
17 14 684 
17 1 352 
17 12 741 
17 12 988 
16 2 268 
16 12 448 
16 3 318 
16 2 224 
16 12 536 
16 7 597 
11 18 724 
11 6 416 
8 14 252 
8 18 748 
8 1 489 
8 1 676 
15 13 268 
15 5 612 
15 13 561 
14 15 651 
14 12 468 
14 13 663 
14 7 568 
14 13 510 
14 16 556 
14 3 732 
14 13 884 
14 5 248 
14 12 436 
14 2 411 
13 5 351 
17 19 388 
13 7 362 
13 19 543 
12 1 294 
12 16 224 
12 7 468 
12 2 494 
12 1 368 
12 2 348 
12 13 351 
12 1 468 
12 3 872 
12 3 654 
12 2 412 
11 16 214 
11 12 404 
11 14 435 
11 14 290 
11 5 378 
11 13 362 
11 14 580 
10 13 756 
10 15 510 
10 14 378 
10 1 452 
10 17 444 
10 17 222 
10 12 612 
10 1 860 
10 16 300 
10 17 333 
10 2 459 
9 1 648 
9 17 484 
9 10 450 
9 16 266 
9 18 380 
9 18 570 
9 19 616 
9 6 500 
9 15 543 
9 4 630 
9 16 399 
8 2 630 
8 1 864 
8 19 398 
7 13 336 
3 15 628 
3 19 258 
7 16 624 
7 3 448 
7 16 597 
7 3 549 
7 16 860 
7 3 368 
7 16 471 
6 19 836 
6 16 294 
6 17 423 
6 16 441 
6 19 432 
6 19 418 
8 5 468 
8 1 702 
6 2 465 
6 7 472 
6 19 912 
17 19 567 
17 19 250 
5 13 620 
5 19 360 
5 13 684 
4 3 536 
4 2 272 
4 5 540 
4 5 360 
4 2 552 
4 10 320 
4 16 400 
4 2 408 
4 19 760 
4 16 600 
4 7 471 
3 16 604 
3 5 640 
3 19 664 
3 12 302 
3 16 268 
3 5 480 
3 5 320 
2 19 366 
2 5 375 
2 16 549 
2 19 672 
2 3 884 
2 16 230 
2 5 840 
2 12 720 
2 16 411 
2 7 420 
2 3 630 
2 13 405 
1 7 447 
1 13 364 
1 7 596 
1 7 537 
0 15 510 
0 5 393 
0 15 912 
