20 150 4

0 217 102 200 117 121 136 187 118 137 183 195 136 195 121 106 196 181 169 152 
217 0 104 196 212 106 234 219 139 223 190 101 211 168 108 111 245 164 125 187 
102 104 0 152 133 189 144 133 250 171 144 241 144 246 130 104 208 100 203 236 
200 196 152 0 131 203 161 218 198 135 191 165 243 112 130 206 114 100 197 238 
117 212 133 131 0 187 142 197 188 118 125 174 138 145 111 102 175 135 239 246 
121 106 189 203 187 0 206 205 128 178 108 219 213 203 222 183 132 124 187 205 
136 234 144 161 142 206 0 102 178 110 198 110 143 168 145 161 121 160 139 163 
187 219 133 218 197 205 102 0 149 149 206 227 167 164 188 242 221 240 174 239 
118 139 250 198 188 128 178 149 0 237 188 223 162 129 218 111 177 191 244 115 
137 223 171 135 118 178 110 149 237 0 157 104 106 239 130 214 121 105 212 153 
183 190 144 191 125 108 198 206 188 157 0 212 220 221 119 129 106 212 213 210 
195 101 241 165 174 219 110 227 223 104 212 0 151 189 243 192 134 196 107 221 
136 211 144 243 138 213 143 167 162 106 220 151 0 184 156 157 196 122 146 239 
195 168 246 112 145 203 168 164 129 239 221 189 184 0 151 226 109 184 220 103 
121 108 130 130 111 222 145 188 218 130 119 243 156 151 0 101 201 242 219 147 
106 111 104 206 102 183 161 242 111 214 129 192 157 226 101 0 113 142 184 142 
196 245 208 114 175 132 121 221 177 121 106 134 196 109 201 113 0 223 216 182 
181 164 100 100 135 124 160 240 191 105 212 196 122 184 242 142 223 0 128 179 
169 125 203 197 239 187 139 174 244 212 213 107 146 220 219 184 216 128 0 214 
152 187 236 238 246 205 163 239 115 153 210 221 239 103 147 142 182 179 214 0 

3 13 206 
19 4 732 
13 19 856 
19 13 428 
19 3 748 
18 8 976 
18 4 250 
18 12 292 
18 8 852 
18 13 648 
18 11 214 
18 12 438 
18 4 717 
17 9 699 
17 8 764 
17 12 372 
17 9 496 
17 12 392 
17 3 200 
17 19 537 
17 9 480 
17 12 366 
17 9 856 
17 12 466 
17 9 588 
16 8 442 
16 18 864 
16 5 264 
16 14 603 
16 8 531 
16 9 258 
10 17 549 
15 4 306 
10 15 284 
10 14 444 
5 12 314 
5 1 318 
15 8 471 
15 19 222 
7 6 390 
7 12 202 
7 3 302 
6 12 376 
6 9 690 
16 13 418 
16 8 390 
16 13 520 
14 15 303 
14 4 333 
14 8 804 
13 3 672 
13 17 368 
13 8 258 
13 3 218 
13 17 378 
12 13 852 
12 3 444 
12 19 956 
12 14 624 
12 4 276 
12 19 422 
12 19 212 
12 17 488 
12 19 717 
12 17 244 
11 13 636 
11 15 780 
11 19 884 
11 14 621 
11 8 669 
11 14 627 
11 13 567 
11 12 453 
11 14 848 
11 14 615 
11 4 424 
10 4 432 
10 18 426 
10 15 258 
10 14 412 
10 13 645 
10 19 424 
9 4 411 
9 13 274 
9 17 315 
9 4 236 
9 14 820 
9 19 612 
9 8 342 
5 1 258 
18 12 711 
8 14 424 
9 3 396 
9 13 594 
3 8 669 
3 15 645 
3 4 384 
8 19 376 
8 13 534 
7 8 447 
7 8 596 
7 18 522 
7 17 699 
7 16 442 
6 15 322 
6 13 672 
6 16 484 
6 3 644 
6 9 544 
6 19 652 
6 14 580 
5 11 828 
5 18 748 
5 18 824 
5 3 609 
5 15 412 
5 19 410 
7 16 333 
4 15 636 
4 14 414 
4 15 956 
3 17 322 
3 12 483 
3 17 342 
3 19 645 
3 13 336 
2 8 860 
2 17 200 
2 1 208 
2 14 260 
2 18 609 
2 9 513 
2 14 390 
2 7 532 
2 6 432 
2 9 684 
1 19 561 
1 12 633 
1 12 438 
1 19 618 
1 19 760 
1 15 222 
1 12 422 
1 13 504 
1 19 374 
1 9 820 
0 14 338 
0 4 549 
0 14 374 
0 4 242 
