20 114 3

0 113 186 224 137 187 202 112 155 107 184 208 170 237 205 168 120 208 190 137 
113 0 156 146 124 226 250 155 202 115 139 175 116 114 102 171 113 177 149 228 
186 156 0 102 106 235 197 134 243 219 188 184 182 224 102 229 142 100 139 127 
224 146 102 0 132 202 219 229 104 173 183 133 142 246 201 134 105 202 186 191 
137 124 106 132 0 246 228 193 248 192 204 111 137 171 162 155 227 127 102 216 
187 226 235 202 246 0 169 198 211 126 181 127 199 142 103 230 233 237 105 144 
202 250 197 219 228 169 0 136 222 234 157 234 101 176 111 101 232 204 153 104 
112 155 134 229 193 198 136 0 169 221 170 178 219 160 104 230 119 166 146 109 
155 202 243 104 248 211 222 169 0 206 211 156 218 185 108 187 194 124 177 115 
107 115 219 173 192 126 234 221 206 0 112 154 226 145 222 162 171 146 218 100 
184 139 188 183 204 181 157 170 211 112 0 211 171 223 157 232 100 124 218 171 
208 175 184 133 111 127 234 178 156 154 211 0 119 162 183 186 175 161 197 122 
170 116 182 142 137 199 101 219 218 226 171 119 0 249 169 193 199 116 246 152 
237 114 224 246 171 142 176 160 185 145 223 162 249 0 225 243 183 102 218 138 
205 102 102 201 162 103 111 104 108 222 157 183 169 225 0 100 210 202 237 216 
168 171 229 134 155 230 101 230 187 162 232 186 193 243 100 0 131 198 247 175 
120 113 142 105 227 233 232 119 194 171 100 175 199 183 210 131 0 161 229 232 
208 177 100 202 127 237 204 166 124 146 124 161 116 102 202 198 161 0 185 228 
190 149 139 186 102 105 153 146 177 218 218 197 246 218 237 247 229 185 0 171 
137 228 127 191 216 144 104 109 115 100 171 122 152 138 216 175 232 228 171 0 

19 9 548 
19 12 456 
19 12 304 
19 3 764 
19 1 645 
19 2 508 
19 9 300 
16 6 354 
8 1 708 
18 1 447 
14 6 306 
18 13 872 
14 17 654 
18 13 654 
14 1 513 
19 14 808 
17 1 354 
17 1 708 
9 11 474 
9 2 808 
9 5 372 
17 2 396 
16 15 393 
16 3 210 
16 14 420 
16 18 687 
15 18 741 
15 18 924 
15 5 406 
14 4 648 
14 5 868 
14 13 314 
19 6 414 
13 17 426 
13 2 366 
13 1 228 
12 5 202 
12 17 340 
12 2 510 
12 2 513 
12 4 411 
12 18 438 
11 2 552 
14 12 238 
15 1 534 
15 1 399 
15 1 462 
11 12 356 
11 18 394 
10 4 408 
10 18 436 
10 15 924 
10 3 732 
10 5 362 
9 3 346 
9 3 519 
9 15 418 
9 10 336 
8 14 216 
8 11 624 
8 17 248 
8 11 416 
8 13 370 
8 5 208 
8 2 412 
8 1 606 
7 4 579 
7 1 620 
7 17 498 
7 8 338 
6 11 440 
6 5 333 
6 5 657 
5 4 621 
14 17 466 
5 2 820 
5 2 410 
14 12 748 
16 1 333 
16 14 768 
16 6 612 
16 1 274 
4 2 424 
4 1 372 
4 5 411 
3 4 528 
3 11 266 
3 13 549 
3 6 876 
3 2 306 
3 5 808 
3 4 315 
3 14 804 
3 17 764 
9 4 657 
9 14 426 
10 12 728 
10 6 417 
10 12 536 
10 11 408 
2 13 404 
2 18 788 
2 4 318 
7 6 852 
7 6 312 
7 15 372 
7 12 556 
7 10 350 
1 17 584 
1 13 339 
1 17 700 
0 1 624 
0 13 760 
0 1 548 
