20 205 5

0 107 248 175 220 203 211 167 163 233 221 133 211 105 148 169 133 109 100 176 
107 0 169 191 245 192 122 172 124 141 134 211 128 216 133 218 149 195 101 215 
248 169 0 210 146 219 204 215 117 157 135 189 232 171 168 181 187 183 244 179 
175 191 210 0 164 217 245 239 129 146 185 214 159 122 184 205 116 139 187 177 
220 245 146 164 0 241 211 137 235 184 212 169 209 243 115 243 179 249 150 189 
203 192 219 217 241 0 114 135 153 185 233 108 181 230 141 108 208 176 249 146 
211 122 204 245 211 114 0 175 188 189 197 230 200 108 144 196 225 215 126 244 
167 172 215 239 137 135 175 0 140 113 247 185 214 217 122 112 172 165 243 101 
163 124 117 129 235 153 188 140 0 172 153 167 242 157 220 166 187 159 230 107 
233 141 157 146 184 185 189 113 172 0 198 225 249 246 168 247 154 214 166 236 
221 134 135 185 212 233 197 247 153 198 0 158 225 188 250 143 203 168 102 120 
133 211 189 214 169 108 230 185 167 225 158 0 171 238 224 196 247 200 142 226 
211 128 232 159 209 181 200 214 242 249 225 171 0 107 113 221 112 102 126 113 
105 216 171 122 243 230 108 217 157 246 188 238 107 0 176 122 172 250 146 164 
148 133 168 184 115 141 144 122 220 168 250 224 113 176 0 147 161 140 194 202 
169 218 181 205 243 108 196 112 166 247 143 196 221 122 147 0 177 192 188 185 
133 149 187 116 179 208 225 172 187 154 203 247 112 172 161 177 0 199 126 207 
109 195 183 139 249 176 215 165 159 214 168 200 102 250 140 192 199 0 163 224 
100 101 244 187 150 249 126 243 230 166 102 142 126 146 194 188 126 163 0 123 
176 215 179 177 189 146 244 101 107 236 120 226 113 164 202 185 207 224 123 0 

19 18 369 
19 16 414 
19 7 202 
19 18 430 
19 6 488 
19 15 740 
19 15 555 
19 6 358 
19 13 656 
19 10 321 
18 7 489 
18 9 498 
18 7 896 
18 1 202 
18 13 408 
18 13 369 
18 11 426 
18 5 306 
18 3 300 
18 5 960 
18 13 292 
18 1 303 
18 1 492 
17 4 498 
17 18 326 
17 18 652 
17 2 366 
17 8 318 
17 3 556 
17 11 400 
17 15 384 
17 16 796 
16 13 561 
16 9 616 
16 3 399 
16 13 796 
16 3 448 
16 15 531 
16 13 348 
16 3 609 
16 13 516 
16 11 741 
16 3 322 
16 15 354 
15 9 442 
15 7 555 
15 9 663 
15 7 675 
15 9 354 
14 10 500 
14 18 388 
14 18 776 
14 6 432 
14 7 488 
14 15 592 
14 15 441 
14 3 368 
14 5 423 
14 18 582 
14 4 560 
14 11 672 
14 8 440 
13 1 352 
13 16 344 
13 5 666 
13 6 342 
13 1 292 
13 6 438 
13 1 627 
13 6 752 
13 1 376 
12 14 226 
12 18 252 
12 19 452 
12 4 422 
12 15 442 
12 14 452 
12 2 928 
12 10 450 
12 16 224 
12 13 214 
12 18 504 
4 10 400 
4 7 666 
10 5 494 
7 11 952 
7 15 741 
15 5 428 
11 5 714 
11 15 324 
11 5 676 
10 11 632 
10 3 612 
10 13 500 
10 7 884 
10 5 466 
10 18 404 
10 3 740 
10 3 675 
9 16 492 
9 3 672 
9 5 740 
9 16 516 
9 11 675 
9 15 450 
9 7 339 
9 15 675 
9 3 332 
9 16 664 
9 3 567 
9 16 584 
9 15 900 
9 3 594 
9 16 498 
8 10 306 
8 19 321 
8 9 688 
8 7 560 
8 15 332 
8 11 668 
8 1 248 
8 10 459 
8 3 516 
7 9 202 
7 16 956 
7 9 688 
7 11 555 
7 16 516 
7 9 868 
7 16 434 
6 3 376 
6 15 392 
6 13 324 
6 9 567 
6 13 216 
6 7 525 
6 7 645 
6 7 350 
6 16 394 
15 5 740 
15 11 270 
15 5 868 
5 7 444 
5 15 612 
5 7 228 
5 15 216 
5 7 416 
5 15 459 
5 7 324 
5 15 888 
5 7 964 
5 15 292 
5 7 768 
5 15 540 
4 15 345 
4 2 584 
4 2 292 
4 19 567 
4 18 450 
4 13 972 
4 10 636 
3 6 328 
3 15 410 
3 15 820 
3 13 573 
3 6 531 
3 5 651 
3 13 656 
3 6 736 
3 13 748 
3 6 525 
3 5 434 
3 11 856 
3 13 690 
2 11 378 
2 13 336 
2 16 748 
2 18 732 
2 18 711 
2 7 430 
2 15 724 
2 10 405 
2 8 351 
2 13 342 
2 7 928 
2 9 628 
2 16 672 
2 19 358 
1 13 390 
1 9 423 
1 9 564 
1 5 256 
1 15 872 
1 7 735 
1 16 428 
1 16 303 
1 15 436 
1 13 424 
1 11 633 
1 3 490 
0 5 300 
0 11 444 
0 5 326 
0 11 315 
0 5 399 
