20 243 5

0 187 148 192 140 104 210 101 245 141 211 244 101 229 221 243 106 249 226 208 
187 0 228 152 135 214 203 161 126 169 119 120 241 223 216 183 123 221 117 202 
148 228 0 204 160 149 236 146 237 223 115 216 215 108 218 144 250 197 184 137 
192 152 204 0 167 184 156 241 178 147 211 246 144 218 121 156 231 119 229 109 
140 135 160 167 0 102 237 108 213 197 229 165 201 238 143 121 247 145 117 110 
104 214 149 184 102 0 233 123 225 197 199 138 137 234 162 222 124 138 236 212 
210 203 236 156 237 233 0 188 225 141 190 163 226 198 129 126 115 193 116 181 
101 161 146 241 108 123 188 0 219 210 104 148 104 166 105 160 214 247 248 157 
245 126 237 178 213 225 225 219 0 163 198 120 152 177 176 152 133 237 237 224 
141 169 223 147 197 197 141 210 163 0 218 215 250 177 239 232 138 246 166 223 
211 119 115 211 229 199 190 104 198 218 0 168 195 219 206 229 100 241 142 216 
244 120 216 246 165 138 163 148 120 215 168 0 214 135 122 102 221 187 185 143 
101 241 215 144 201 137 226 104 152 250 195 214 0 148 134 231 194 205 106 133 
229 223 108 218 238 234 198 166 177 177 219 135 148 0 200 104 163 147 124 122 
221 216 218 121 143 162 129 105 176 239 206 122 134 200 0 209 176 129 137 191 
243 183 144 156 121 222 126 160 152 232 229 102 231 104 209 0 188 174 229 240 
106 123 250 231 247 124 115 214 133 138 100 221 194 163 176 188 0 156 212 194 
249 221 197 119 145 138 193 247 237 246 241 187 205 147 129 174 156 0 207 188 
226 117 184 229 117 236 116 248 237 166 142 185 106 124 137 229 212 207 0 134 
208 202 137 109 110 212 181 157 224 223 216 143 133 122 191 240 194 188 134 0 

19 2 274 
19 7 848 
19 7 314 
19 14 573 
19 6 724 
19 10 432 
19 11 429 
19 16 776 
19 15 678 
19 14 382 
19 13 244 
19 1 606 
19 18 440 
19 8 448 
19 10 424 
18 16 424 
18 6 232 
18 13 372 
18 8 711 
18 10 426 
18 16 424 
18 10 318 
18 11 370 
18 13 248 
18 16 848 
18 9 498 
18 2 351 
17 18 828 
17 16 624 
17 8 948 
17 14 516 
17 14 258 
17 9 984 
17 16 468 
17 7 936 
17 12 615 
17 7 468 
17 2 591 
17 9 738 
17 11 374 
17 6 580 
17 12 410 
17 13 294 
16 10 704 
16 2 369 
16 10 388 
16 2 372 
16 10 212 
16 2 860 
16 10 468 
16 2 424 
15 11 312 
15 2 288 
15 8 912 
15 11 462 
15 8 836 
15 10 458 
15 6 252 
15 11 608 
15 2 432 
15 16 752 
15 13 312 
14 7 315 
14 12 536 
14 11 486 
14 10 387 
14 12 402 
14 18 411 
14 18 274 
14 11 366 
14 11 244 
14 18 548 
14 10 824 
14 16 352 
13 11 312 
13 10 657 
13 15 450 
13 11 664 
13 15 872 
13 11 405 
13 6 396 
12 1 446 
12 1 274 
12 15 693 
12 9 484 
12 13 411 
12 11 428 
12 6 444 
12 6 416 
11 1 495 
11 8 968 
11 9 645 
11 1 366 
11 8 740 
11 1 480 
11 8 486 
11 1 555 
11 8 374 
10 2 615 
10 13 723 
10 6 570 
10 2 916 
10 13 476 
10 9 872 
10 2 964 
10 13 416 
10 2 844 
10 9 654 
10 13 312 
10 2 504 
10 13 284 
10 2 568 
10 13 345 
10 2 780 
10 13 792 
10 2 390 
10 16 200 
10 13 432 
12 16 394 
13 6 717 
13 16 430 
16 6 446 
6 9 860 
6 9 478 
9 6 928 
9 16 630 
9 6 788 
9 16 968 
9 6 394 
9 16 564 
9 6 464 
8 13 504 
8 13 948 
8 15 450 
8 9 489 
8 11 956 
8 10 396 
8 10 639 
8 9 675 
8 16 426 
8 15 456 
8 16 266 
8 11 948 
8 13 704 
7 16 246 
7 6 564 
7 10 628 
7 2 438 
7 12 416 
7 8 657 
7 16 612 
7 18 904 
7 10 312 
7 13 216 
7 13 936 
6 10 630 
6 16 386 
6 10 466 
6 16 472 
6 10 516 
6 16 564 
6 10 543 
5 19 424 
5 12 548 
5 12 208 
5 1 428 
5 11 552 
5 7 246 
5 12 411 
5 2 447 
5 11 414 
5 17 552 
5 6 466 
4 18 351 
4 16 452 
4 13 408 
4 19 440 
4 15 484 
4 14 420 
4 1 405 
4 13 450 
4 13 675 
4 12 804 
4 9 306 
4 6 699 
4 11 660 
4 3 334 
4 9 394 
4 16 904 
4 19 220 
4 14 286 
4 12 204 
3 2 816 
3 14 242 
3 12 576 
3 18 916 
3 9 441 
3 16 693 
3 1 456 
3 12 432 
3 13 436 
3 13 872 
3 6 312 
3 17 327 
3 1 304 
3 11 552 
3 6 624 
3 8 356 
3 15 468 
3 14 484 
3 7 678 
3 8 712 
2 13 592 
2 15 788 
2 13 368 
2 10 230 
2 15 948 
2 13 274 
2 15 654 
2 10 345 
2 13 216 
2 6 708 
1 16 369 
1 10 357 
1 15 748 
1 15 366 
1 8 644 
1 15 732 
1 2 864 
1 11 456 
1 2 684 
1 8 808 
1 16 492 
1 11 480 
1 8 504 
1 16 246 
1 6 609 
1 6 406 
0 6 621 
0 9 444 
0 6 384 
0 9 458 
0 6 202 
